0000000000000000000000000
0000000000000000000000000
0000000000000000000000000
0000000000000000000000000
0000000000000000000000000
000000000m000000000000000
0000000000000000000000000
000000m00s00000s000000000
00000000000w0000w00000000
0000000000000000000000000
0000000000000000000000000
00000000w0000w00000000000
000000000s00000s00m000000
0000000000000000000000000
000000000000000m000000000
0000000000000000000000000
0000000000000000000000000
0000000000000000000000000
0000000000000000000000000
0000000000000000000000000
